Flowreqs/flowreq_verizon_sfqCoDel_10flows_100.stdout

Flow sizes:
30
157
791
978
1138
1364
1429
1542
1977
2172
2407
3087
3273
3377
3412
3467
3496
3547
3557
3565
3718
3756
3967
3984
4144
4269
4277
4369
4535
4649
4778
4879
4907
5012
5093
5096
5146
5174
5270
5321
5351
5374
5626
6048
6075
6294
6455
6459
6470
6508
6836
7210
7732
7849
8324
8419
8544
9508
9856
9909
9912
10033
10328
10350
10735
10966
11089
11229
11261
11470
11958
11984
12087
12107
12207
12212
12683
12794
13027
13249
13683
14255
14625
15042
15275
15404
15432
15514
15704
15921
15986
16308
16552
16760
17050
17569
17578
17591
17766
18573
18657
18917
18991
19175
19363
19524
19541
19657
19873
20002
20132
20378
20898
20947
21017
21130
21131
21318
21458
21592
21616
21966
22079
22188
22269
22298
22626
22799
22841
22950
22953
23176
23209
23211
23405
23524
23668
23677
23751
24362
24736
24738
24815
24925
25198
25652
25676
26100
27011
27691
27768
27826
28354
28359
28509
28530
28809
29504
29872
30223
30447
30919
30941
31084
31257
31417
31579
31664
31677
31881
31905
32062
32115
32406
32550
32590
32875
33219
33306
33310
33354
33439
33757
33891
34165
34500
34559
34803
34804
35098
35167
35379
35626
35927
36176
36191
36307
36313
36433
36666
37020
37085
37395
37847
37858
37944
38270
38352
38466
38494
38977
39236
39248
39779
39801
39925
40010
40151
40202
40538
40607
40793
40849
40874
41114
41536
42038
42047
42178
42561
42757
42794
42816
43009
43313
43757
43838
44358
44499
44965
45669
46181
46244
46907
47710
47719
47809
47982
48151
48223
48818
48942
49209
49404
49498
50009
50338
50413
50575
50580
50756
50911
50962
51256
51420
51576
51653
51712
51874
51899
52637
52894
53599
53757
54847
55318
55389
55877
56272
56297
57154
57310
57482
57671
57706
58637
58669
58718
58791
58824
59402
59455
59598
59684
59953
60553
60950
61321
61334
61363
61624
62023
62514
62895
63636
63692
64165
64269
64994
65364
65635
65770
66467
66852
67471
67556
67638
67700
68019
68072
68751
69041
69097
69277
69715
70089
70342
70365
70648
70747
71462
71795
72423
72666
72804
73495
74321
74419
74503
74514
74664
74776
75115
75425
75430
76192
76646
77323
78167
78296
78302
79261
79404
79761
79845
79946
80003
80732
81345
81701
82247
82624
82708
82932
83377
83507
83519
83623
83962
83982
84088
84312
84543
84636
84941
85392
85695
86072
86330
86355
86358
86450
86522
87257
87391
87712
87755
87851
88703
88931
89251
90080
90476
90971
91354
92768
93477
93648
94565
95293
95578
96048
96138
96162
96360
96421
96522
96794
97499
97805
98299
98603
98706
98866
99411
99681
99791
100174
100219
100253
101147
101555
101805
101985
102157
102538
102564
102644
102747
102938
103517
103623
104168
104272
105413
105754
105956
106237
107833
108154
108607
108912
109612
109820
110176
110893
111284
111689
112030
112173
112767
113043
113049
113185
113777
114410
114742
115603
115916
116473
116820
116943
117930
118371
118670
118884
119147
120675
120937
122479
123496
123613
123860
123978
124175
124578
124900
125436
126550
126569
127125
128532
128638
128647
129618
129647
129899
130119
130271
131010
131136
131362
131763
131823
131962
132008
132636
132881
133045
133446
133916
134093
134474
135299
135562
135734
136565
137065
137207
138249
138899
139726
140192
141296
141632
142056
142166
143339
143933
144154
144718
145297
145614
145653
146109
146838
146985
147315
148501
148638
148648
149750
151273
151492
152030
153967
154481
155289
155474
156283
157291
158056
158800
159202
160322
160856
161115
161319
162947
165657
165862
166299
167592
168793
169883
169888
169899
169948
171711
172065
172849
173462
173468
174422
176100
177412
179407
180130
180491
181875
183995
184798
185048
188239
189267
191353
191368
191513
191882
191957
193904
196950
197573
197630
198917
200130
200375
201302
202134
203117
203691
204577
207764
211998
212877
213384
213406
213434
213549
214300
216320
218427
219424
220260
221561
223029
223524
223928
225470
227243
231417
232629
232888
233150
233209
233334
237054
239353
239431
240607
243137
245081
245256
246067
246884
246940
251011
252399
261995
265694
266428
267617
270250
275540
276000
279077
284180
289995
291565
292517
294393
295088
298664
301172
312479
312585
319506
321211
326039
331218
331401
332500
333715
336315
337375
337683
345852
346937
373307
375135
386305
420144
430626
436635
440999
443585
445758
484528
485121
496259
505357
515190
565553
585952
606667
614110
624705
630174

Syn:
106.0
94.0
51.0
52.0
92.0
107.0
82.0
47.0
48.0
58.0
68.0
65.0
158.0
185.0
106.0
97.0
100.0
45.0
66.0
89.0
227.0
69.0
79.0
100.0
111.0
138.0
70.0
147.0
125.0
48.0
126.0
191.0
135.0
70.0
108.0
64.0
320.0
56.0
122.0
158.0
83.0
59.0
68.0
68.0
139.0
710.0
203.0
905.0
57.0
113.0
473.0
202.0
337.0
96.0
188.0
166.0
354.0
121.0
122.0
235.0
207.0
162.0
516.0
551.0
309.0
1310.0
159.0
108.0
378.0
94.0
99.0
52.0
54.0
238.0
451.0
105.0
356.0
173.0
247.0
90.0
156.0
97.0
707.0
134.0
275.0
131.0
444.0
244.0
389.0
147.0
176.0
307.0
93.0
168.0
256.0
230.0
1110.0
242.0
621.0
153.0
352.0
396.0
424.0
365.0
163.0
101.0
288.0
159.0
257.0
227.0
291.0
138.0
178.0
133.0
965.0
121.0
384.0
258.0
180.0
457.0
318.0
513.0
362.0
287.0
1049.0
547.0
298.0
184.0
247.0
266.0
438.0
176.0
519.0
188.0
515.0
692.0
336.0
187.0
753.0
151.0
482.0
368.0
352.0
349.0
331.0
206.0
185.0
499.0
254.0
413.0
210.0
1952.0
481.0
1053.0
399.0
157.0
333.0
1189.0
223.0
242.0
490.0
315.0
202.0
1012.0
366.0
183.0
466.0
519.0
447.0
241.0
282.0
243.0
415.0
847.0
397.0
962.0
341.0
757.0
685.0
241.0
1068.0
453.0
507.0
499.0
3736.0
1016.0
222.0
258.0
464.0
1870.0
847.0
869.0
429.0
748.0
1015.0
351.0
649.0
202.0
967.0
267.0
232.0
599.0
289.0
785.0
1792.0
326.0
674.0
272.0
172.0
954.0
458.0
422.0
371.0
970.0
217.0
345.0
1071.0
1053.0
3909.0
462.0
468.0
470.0
228.0
3026.0
479.0
454.0
2164.0
361.0
1558.0
175.0
492.0
674.0
698.0
341.0
609.0
781.0
357.0
397.0
782.0
380.0
196.0
525.0
424.0
760.0
538.0
212.0
537.0
948.0
555.0
523.0
330.0
2288.0
987.0
548.0
909.0
767.0
300.0
1041.0
1899.0
727.0
622.0
571.0
2379.0
1363.0
1064.0
591.0
760.0
419.0
474.0
1274.0
1117.0
341.0
946.0
523.0
2374.0
2398.0
683.0
1497.0
2475.0
651.0
342.0
705.0
1352.0
1338.0
521.0
711.0
503.0
2713.0
1097.0
404.0
906.0
435.0
263.0
1278.0
239.0
1065.0
295.0
795.0
896.0
367.0
728.0
1026.0
361.0
1296.0
840.0
447.0
1621.0
1198.0
1192.0
473.0
5440.0
1586.0
497.0
883.0
2605.0
521.0
1404.0
646.0
609.0
1519.0
783.0
459.0
489.0
1759.0
362.0
624.0
255.0
737.0
329.0
913.0
891.0
1402.0
320.0
623.0
1514.0
1886.0
2160.0
329.0
948.0
814.0
950.0
594.5
675.0
2253.0
1119.0
715.0
846.0
3013.0
978.0
3022.0
807.0
314.0
2663.0
1274.0
496.0
3517.0
1527.0
1048.0
510.0
2003.0
1520.0
431.0
1475.0
718.0
603.0
548.0
2272.0
994.0
2752.0
887.0
574.0
1554.0
2524.0
2237.0
387.0
1767.0
1653.0
510.0
883.0
856.0
1412.0
589.0
977.0
1572.0
865.0
3964.0
927.0
1053.0
1012.0
3792.0
712.0
777.0
1211.0
516.0
610.0
489.0
482.0
397.0
3603.0
625.0
1248.0
514.0
6679.0
1156.0
1188.0
7310.0
1284.0
1371.0
1538.0
446.0
1208.0
652.0
1250.0
1011.0
6914.0
1175.0
1245.0
3359.0
602.0
1873.0
3222.0
725.0
1670.0
2225.0
2252.0
672.0
1622.0
516.0
2634.0
2317.0
1211.0
1708.0
400.0
830.0
908.0
2153.0
1367.0
867.0
2470.0
814.0
2530.0
882.0
488.0
1389.0
868.0
3613.0
991.0
2550.0
2542.0
3357.0
4062.0
362.0
2977.0
3947.0
388.0
1897.0
3534.0
2803.0
1874.0
488.0
2082.0
1364.0
563.0
912.0
424.0
838.0
1718.0
2023.0
961.0
1788.0
2624.0
2856.0
689.0
1416.0
3266.0
1876.0
1769.0
912.0
1093.0
1755.0
6571.0
955.0
4421.0
5633.0
1245.0
3575.0
742.0
1052.0
4347.0
1095.0
1362.0
800.0
912.0
1204.0
3534.0
3130.0
2479.0
4090.0
4582.0
1498.0
1596.0
1595.0
5530.0
1123.0
1088.0
1435.0
8040.0
1649.0
2075.0
4597.0
6120.0
449.0
1827.0
1667.0
1016.0
810.0
3353.0
800.0
896.0
782.0
2050.0
1980.0
2493.0
1543.0
452.0
1978.0
766.0
2814.0
909.0
1688.0
1131.0
5947.0
1720.0
3572.0
4637.0
5190.0
1402.0
1055.0
1529.0
2348.0
832.0
698.0
2172.0
6469.0
2129.0
4290.0
996.0
5907.0
2362.0
2923.0
10369.0
663.0
2580.0
1224.0
3501.0
1988.0
7701.0
962.0
1094.0
6458.0
7637.0
3438.0
3024.0
4442.0
3561.0
794.0
1687.0
2021.0
5891.0
5768.0
1340.0
2252.0
5710.0
8486.0
2856.0
2044.0
5775.0
7698.0
1561.0
9103.0
7827.0
2540.0
2445.0
2409.0
2047.0
6424.0
2420.0
3081.0
1318.0
2723.0
1539.0
757.0
4965.0
2646.0
1117.0
2637.0
2464.0
1586.0
2628.0
1008.0
1537.0
776.0
6967.0
3748.0
6702.0
7649.0
2876.0
3657.0
2833.0
5282.0
1133.0
1732.0
1992.0
1849.0
3417.0
2796.0
11448.0
7941.0
2243.0
4639.0
1347.0
1443.0
3159.0
2569.0
5272.0
2715.0
2296.0
1892.0
2175.0
2428.0
10249.0
4201.0
641.0
4032.0
10349.0
5066.0
1914.0
8054.0
7437.0
1005.0
2095.0
1225.0
2473.0
1907.0
3874.0
1777.0
1131.0
12287.0
3905.0
2542.0
4282.0
2989.0
1374.0
4294.0
12774.0
7456.0
2247.0
6678.0
16582.0
10231.0
5275.0
6887.0
4338.0
4118.0
4727.0
8488.0
11315.0
4040.0
13302.0
5767.0
2068.0
2152.0
8362.0
19071.0
3189.0
22094.0
14541.0
6368.0

Get:
106.0
94.0
50.0
52.0
92.0
107.0
82.0
47.0
48.0
58.0
67.0
64.0
158.0
185.0
106.0
97.0
100.0
45.0
66.0
89.0
227.0
69.0
79.0
100.0
111.0
138.0
70.0
147.0
125.0
47.0
126.0
190.0
46.0
69.0
108.0
63.0
320.0
56.0
121.0
158.0
83.0
58.0
68.0
68.0
139.0
710.0
203.0
905.0
57.0
113.0
473.0
202.0
337.0
96.0
188.0
166.0
354.0
121.0
122.0
235.0
206.0
162.0
516.0
551.0
309.0
1310.0
159.0
108.0
378.0
94.0
99.0
52.0
54.0
238.0
451.0
105.0
356.0
172.0
246.0
90.0
156.0
97.0
707.0
134.0
275.0
131.0
444.0
244.0
389.0
147.0
176.0
307.0
93.0
167.0
255.0
230.0
1110.0
242.0
621.0
153.0
352.0
396.0
424.0
365.0
163.0
101.0
288.0
111.0
257.0
227.0
291.0
138.0
128.0
133.0
965.0
121.0
384.0
258.0
180.0
457.0
318.0
513.0
362.0
287.0
1049.0
547.0
298.0
142.0
247.0
266.0
437.0
176.0
519.0
188.0
515.0
692.0
336.0
142.0
753.0
151.0
482.0
368.0
351.0
349.0
330.0
206.0
184.0
498.0
254.0
412.0
210.0
1952.0
481.0
1053.0
399.0
157.0
333.0
1189.0
222.0
242.0
490.0
315.0
202.0
1012.0
366.0
183.0
466.0
519.0
447.0
241.0
282.0
243.0
415.0
846.0
397.0
962.0
341.0
757.0
685.0
240.0
1068.0
453.0
507.0
499.0
3736.0
1016.0
222.0
258.0
464.0
1870.0
847.0
869.0
428.0
747.0
1015.0
351.0
649.0
201.0
967.0
267.0
184.0
599.0
289.0
785.0
1792.0
326.0
674.0
272.0
172.0
953.0
458.0
422.0
371.0
970.0
217.0
345.0
1071.0
1053.0
3909.0
462.0
468.0
470.0
180.0
3025.0
479.0
454.0
2164.0
361.0
1558.0
175.0
492.0
674.0
698.0
341.0
609.0
781.0
357.0
397.0
782.0
379.0
196.0
525.0
424.0
760.0
538.0
212.0
537.0
948.0
555.0
522.0
330.0
2288.0
987.0
548.0
909.0
767.0
300.0
1041.0
1899.0
726.0
622.0
571.0
2379.0
1363.0
1064.0
591.0
760.0
419.0
474.0
1274.0
1117.0
341.0
946.0
523.0
2374.0
2398.0
683.0
1497.0
2475.0
651.0
341.0
704.0
1352.0
1338.0
521.0
711.0
503.0
2713.0
1097.0
404.0
906.0
435.0
262.0
1278.0
239.0
1065.0
295.0
794.0
895.0
367.0
728.0
1025.0
361.0
1296.0
840.0
447.0
1621.0
1198.0
1192.0
473.0
5440.0
1586.0
497.0
883.0
2605.0
521.0
1404.0
646.0
608.0
1519.0
783.0
459.0
489.0
1758.0
362.0
623.0
254.0
736.0
329.0
913.0
891.0
1402.0
320.0
623.0
1514.0
1886.0
2160.0
329.0
948.0
814.0
950.0
594.5
675.0
2253.0
1119.0
715.0
846.0
3013.0
977.0
3022.0
807.0
314.0
2663.0
1274.0
496.0
3517.0
1527.0
1048.0
510.0
2003.0
1520.0
431.0
1475.0
718.0
602.0
548.0
2272.0
994.0
2752.0
887.0
574.0
1554.0
2524.0
2237.0
387.0
1767.0
1653.0
510.0
883.0
856.0
1412.0
588.0
977.0
1572.0
864.0
3964.0
927.0
1053.0
1012.0
3792.0
712.0
777.0
1211.0
516.0
610.0
489.0
482.0
397.0
3603.0
625.0
1248.0
514.0
6679.0
1156.0
1188.0
7310.0
1284.0
1371.0
1538.0
445.0
1207.0
652.0
1250.0
1011.0
6914.0
1175.0
1245.0
3358.0
602.0
1873.0
3222.0
725.0
1670.0
2225.0
2252.0
672.0
1622.0
516.0
2634.0
2317.0
1211.0
1708.0
400.0
830.0
908.0
2153.0
1367.0
867.0
2470.0
814.0
2530.0
882.0
488.0
1389.0
867.0
3613.0
991.0
2550.0
2541.0
3357.0
4062.0
362.0
2977.0
3947.0
388.0
1896.0
3534.0
2802.0
1873.0
488.0
2082.0
1364.0
563.0
912.0
424.0
838.0
1718.0
2023.0
961.0
1788.0
2624.0
2855.0
689.0
1416.0
3266.0
1876.0
1769.0
912.0
1093.0
1755.0
6571.0
955.0
4421.0
5633.0
1245.0
3575.0
741.0
1052.0
4347.0
1094.0
1362.0
800.0
912.0
1204.0
3534.0
3130.0
2479.0
4090.0
4582.0
1498.0
1596.0
1595.0
5530.0
1123.0
1088.0
1435.0
8040.0
1649.0
2075.0
4597.0
6120.0
449.0
1827.0
1667.0
1016.0
810.0
3353.0
800.0
896.0
782.0
2050.0
1980.0
2493.0
1543.0
404.0
1978.0
766.0
2814.0
909.0
1688.0
1131.0
5947.0
1720.0
3572.0
4636.0
5190.0
1402.0
1055.0
1529.0
2348.0
832.0
698.0
2172.0
6469.0
2129.0
4290.0
996.0
5907.0
2362.0
2923.0
10369.0
663.0
2580.0
1224.0
3500.0
1988.0
7701.0
962.0
1094.0
6458.0
7637.0
3438.0
3024.0
4442.0
3561.0
794.0
1687.0
2021.0
5891.0
5768.0
1340.0
2252.0
5710.0
8485.0
2856.0
2044.0
5775.0
7698.0
1561.0
9103.0
7827.0
2540.0
2445.0
2409.0
2046.0
6424.0
2420.0
3081.0
1318.0
2723.0
1539.0
757.0
4965.0
2646.0
1117.0
2637.0
2463.0
1586.0
2628.0
1008.0
1537.0
776.0
6967.0
3747.0
6702.0
7649.0
2876.0
3657.0
2833.0
5282.0
1132.0
1732.0
1992.0
1849.0
3416.0
2796.0
11448.0
7941.0
2243.0
4639.0
1346.0
1443.0
3159.0
2569.0
5272.0
2715.0
2296.0
1892.0
2175.0
2428.0
10249.0
4201.0
574.0
4032.0
10349.0
5066.0
1914.0
8054.0
7437.0
1005.0
2095.0
1225.0
2473.0
1907.0
3874.0
1728.0
1131.0
12287.0
3905.0
2541.0
4282.0
2989.0
1374.0
4294.0
12774.0
7456.0
2247.0
6678.0
16582.0
10231.0
5275.0
6887.0
4338.0
4118.0
4726.0
8487.0
11314.0
4040.0
13302.0
5767.0
2068.0
2152.0
8362.0
19071.0
3189.0
22094.0
14541.0
6368.0
